source: dtm.tif
crs: EPSG:32612
resolution:
  x: 1.0
  y: 1.0
nodata_value_in_source: -9999.0
tile_size: 256
stride: 204
overlap: 0.2
padding:
  pad_h: 88
  pad_w: 43
  mode: edge
tiles:
- tile_id: 30001
  row: 0
  col: 0
  origin_x: 290826.72034106735
  origin_y: 3553448.569391438
  features:
    mean: 332.7186279296875
    std: 4.703995704650879
    min: 329.0199890136719
    max: 351.0199890136719
    range: 22.0
    grad_mean: 0.09549571573734283
    grad_std: 0.0990186333656311
    lap_var: 0.013287779875099659
representative_tile_ids:
- 0
